  1e-12, 10e-12, 100e-12,   1e-9, 10e-9, 100e-9,   1e-6, 10e-6, 100e-6,   1e-3, 10e-6,
1.1e-12, 11e-12, 110e-12, 1.1e-9,
1.2e-12, 12e-12, 120e-12, 1.2e-9,
1.3e-12, 13e-12, 130e-12, 1.3e-9,
1.5e-12, 15e-12, 150e-12, 1.5e-9, 15e-9, 150e-9, 1.5e-6, 15e-6, 150e-6, 1.5e-3,
1.6e-12, 16e-12, 160e-12, 1.6e-9,
1.8e-12, 18e-12, 180e-12, 1.8e-9,
  2e-12, 20e-12, 200e-12,   2e-9,
2.2e-12, 22e-12, 220e-12, 2.2e-9, 22e-9, 220e-9, 2.2e-6, 22e-6, 220e-6, 2.2e-3,
2.4e-12, 24e-12, 240e-12, 2.4e-9,
2.7e-12, 27e-12, 270e-12, 2.7e-9,
  3e-12, 30e-12, 300e-12,   3e-9,
3.3e-12, 33e-12, 330e-12, 3.3e-9, 33e-9, 330e-9, 3.3e-6, 33e-6, 330e-6, 3.3e-3,
3.6e-12, 36e-12, 360e-12, 3.6e-9,
3.9e-12, 39e-12, 390e-12, 3.9e-9,
4.3e-12, 43e-12, 430e-12, 4.3e-9,
4.7e-12, 47e-12, 470e-12, 4.7e-9, 47e-9, 470e-9, 4.7e-6, 47e-6, 470e-6, 4.7e-3,
5.1e-12, 51e-12, 510e-12, 5.1e-9,
5.6e-12, 56e-12, 560e-12, 5.6e-9,
6.2e-12, 62e-12, 620e-12, 6.2e-9,
6.8e-12, 68e-12, 680e-12, 6.8e-9, 68e-9, 680e-9, 6.8e-6, 68e-6, 680e-6, 6.8e-3,
7.5e-12, 75e-12, 750e-12, 7.5e-9,
8.2e-12, 82e-12, 820e-12, 8.2e-9,
9.1e-12, 91e-12, 910e-12, 9.1e-9